60
00000001
000000 000000 000000 000000
010101 010101 010101 010101
050505 050505 050505 050505
0b0b0b 0b0b0b 0b0b0b 0b0b0b
121212 121212 121212 121212
1a1a1a 1a1a1a 1a1a1a 1a1a1a
212121 212121 212121 212121
282828 282828 282828 282828
2e2e2e 2e2e2e 2e2e2e 2e2e2e
323232 323232 323232 323232
333333 333333 333333 333333
323232 323232 323232 323232
2e2e2e 2e2e2e 2e2e2e 2e2e2e
282828 282828 282828 282828
212121 212121 212121 212121
1a1a1a 1a1a1a 1a1a1a 1a1a1a
121212 121212 121212 121212
0b0b0b 0b0b0b 0b0b0b 0b0b0b
050505 050505 050505 050505
010101 010101 010101 010101
000000 000000 000000 000000
