60
00000000
IN
404040 383838 383838 383838
LOOP
404040 383838 383838 383838
484848 383838 383838 383838
575757 383838 383838 383838
6a6a6a 383838 383838 383838
818181 383838 383838 383838
9b9b9b 383838 383838 383838
b3b3b3 393939 383838 383838
c5c5c5 3a3a3a 383838 383838
d0d0d0 3f3f3f 383838 383838
cfcfcf 474747 383838 383838
c4c4c4 555555 383838 383838
b1b1b1 686868 383838 383838
999999 7f7f7f 383838 383838
808080 989898 383838 383838
686868 b1b1b1 383838 383838
555555 c4c4c4 3a3a3a 383838
484848 cfcfcf 3e3e3e 383838
3f3f3f d0d0d0 464646 383838
3b3b3b c6c6c6 535353 383838
393939 b3b3b3 656565 383838
383838 9c9c9c 7c7c7c 383838
383838 828282 969696 383838
383838 6a6a6a aeaeae 383838
383838 575757 c2c2c2 3a3a3a
383838 494949 cecece 3e3e3e
383838 404040 d0d0d0 454545
383838 3b3b3b c7c7c7 525252
383838 393939 b6b6b6 636363
383838 383838 9e9e9e 7a7a7a
383838 383838 858585 939393
383838 383838 6d6d6d acacac
383838 383838 585858 c0c0c0
383838 383838 4a4a4a cdcdcd
383838 383838 414141 d0d0d0
383838 383838 3b3b3b c9c9c9
383838 383838 393939 b8b8b8
383838 383838 383838 a1a1a1
383838 383838 383838 888888
383838 383838 383838 6f6f6f
383838 383838 383838 5a5a5a
383838 383838 383838 4b4b4b
383838 383838 383838 4b4b4b
383838 383838 383838 4b4b4b
OUT
383838 383838 383838 4b4b4b
